NAME: tmp
TYPE: TSP
DIMENSION: 25
EDGE_WEIGHT_TYPE: EUC_2D
NODE_COORD_SECTION
1 20833.3333 17100.0
2 20900.0 17066.6667
3 21300.0 13016.6667
4 21600.0 14150.0
5 21600.0 14966.6667
6 21600.0 16500.0
7 22183.3333 13133.3333
8 22583.3333 14300.0
9 22683.3333 12716.6667
10 23616.6667 15866.6667
11 23700.0 15933.3333
12 23883.3333 14533.3333
13 24166.6667 13250.0
14 25149.1667 12365.8333
15 26133.3333 14500.0
16 26150.0 10550.0
17 26283.3333 12766.6667
18 26433.3333 13433.3333
19 26550.0 13850.0
20 26733.3333 11683.3333
21 27026.1111 13051.9444
22 27096.1111 13415.8333
23 27153.6111 13203.3333
24 27166.6667 9833.3333
25 27233.3333 10450.0
EDGE_WEIGHT_SECTION
0 74 4109 3047 2266 973 4190 3301 4757 3044 3094 3986 5092 6406 5903 8436 6962 6693 6575 8009 7398 7266 7424 9639 9229 
74 0 4069 2999 2213 900 4137 3238 4701 2969 3020 3913 5023 6336 5828 8368 6889 6619 6501 7937 7324 7191 7350 9570 9159 
4109 4069 0 1172 1972 3496 891 1814 1415 3672 3777 2995 2876 3903 5055 5441 4989 5150 5315 5594 5726 5809 5856 6674 6464 
3047 2999 1172 0 816 2350 1172 994 1796 2648 2755 2315 2719 3972 4546 5801 4883 4886 4959 5695 5536 5544 5633 7044 6739 
2266 2213 1972 816 0 1533 1923 1188 2497 2208 2311 2324 3087 4400 4557 6341 5174 5070 5074 6093 5754 5710 5826 7572 7220 
973 900 3496 2350 1533 0 3416 2409 3935 2113 2175 3013 4141 5448 4954 7490 5989 5724 5614 7039 6428 6302 6458 8685 8266 
4190 4137 891 1172 1923 3416 0 1233 650 3086 3184 2202 1986 3063 4179 4733 4116 4260 4425 4775 4843 4920 4970 5976 5718 
3301 3238 1814 994 1188 2409 1233 0 1586 1876 1978 1320 1899 3213 3555 5175 4005 3946 3992 4906 4614 4598 4700 6399 6036 
4757 4701 1415 1796 2497 3935 650 1586 0 3285 3373 2177 1576 2490 3883 4088 3600 3817 4029 4179 4355 4467 4496 5330 5083 
3044 2969 3672 2648 2208 2113 3086 1876 3285 0 106 1359 2673 3821 2863 5889 4089 3722 3559 5216 4421 4255 4427 7000 6513 
3094 3020 3777 2755 2311 2175 3184 1978 3373 106 0 1411 2723 3850 2824 5914 4086 3704 3530 5221 4400 4227 4402 7016 6523 
3986 3913 2995 2315 2324 3013 2202 1320 2177 1359 1411 0 1314 2510 2250 4583 2980 2777 2752 4030 3474 3401 3530 5733 5281 
5092 5023 2876 2719 3087 4141 1986 1899 1576 2673 2723 1314 0 1321 2330 3350 2171 2274 2457 3007 2866 2934 2987 4546 4152 
6406 6336 3903 3972 4400 5448 3063 3213 2490 3821 3850 2510 1321 0 2350 2073 1202 1669 2040 1724 1998 2212 2172 3237 2830 
5903 5828 5055 4546 4557 4954 4179 3555 3883 2863 2824 2250 2330 2350 0 3950 1739 1108 772 2879 1701 1449 1649 4779 4196 
8436 8368 5441 5801 6341 7490 4733 5175 4088 5889 5914 4583 3350 2073 3950 0 2220 2897 3324 1274 2650 3017 2836 1243 1087 
6962 6889 4989 4883 5174 5989 4116 4005 3600 4089 4086 2980 2171 1202 1739 2220 0 683 1115 1173 795 1040 973 3063 2503 
6693 6619 5150 4886 5070 5724 4260 3946 3817 3722 3704 2777 2274 1669 1108 2897 683 0 432 1775 704 663 756 3673 3088 
6575 6501 5315 4959 5074 5614 4425 3992 4029 3559 3530 2752 2457 2040 772 3324 1115 432 0 2174 929 697 884 4063 3467 
8009 7937 5594 5695 6093 7039 4775 4906 4179 5216 5221 4030 3007 1724 2879 1274 1173 1775 2174 0 1399 1770 1577 1900 1330 
7398 7324 5726 5536 5754 6428 4843 4614 4355 4421 4400 3474 2866 1998 1701 2650 795 704 929 1399 0 370 197 3221 2610 
7266 7191 5809 5544 5710 6302 4920 4598 4467 4255 4227 3401 2934 2212 1449 3017 1040 663 697 1770 370 0 220 3583 2969 
7424 7350 5856 5633 5826 6458 4970 4700 4496 4427 4402 3530 2987 2172 1649 2836 973 756 884 1577 197 220 0 3370 2754 
9639 9570 6674 7044 7572 8685 5976 6399 5330 7000 7016 5733 4546 3237 4779 1243 3063 3673 4063 1900 3221 3583 3370 0 620 
9229 9159 6464 6739 7220 8266 5718 6036 5083 6513 6523 5281 4152 2830 4196 1087 2503 3088 3467 1330 2610 2969 2754 620 0 
